%  Sample   Time     Commanded Pos   Encoder 1 Pos   Encoder 2 Pos   Encoder 3 Pos   Control Effort

data= [    0    0.000            1000               0               0               0          0.0000;
     1    0.009            1000              21               0               0          4.8840;
     2    0.018            1000              85               2               0          4.8840;
     3    0.027            1000             184              14               0          4.8840;
     4    0.035            1000             305              39               0          4.8840;
     5    0.044            1000             447              79               0          4.8840;
     6    0.053            1000             623             129               0          4.2387;
     7    0.062            1000             842             185               0          2.2149;
     8    0.071            1000            1080             246               0         -0.1105;
     9    0.080            1000            1301             312               0         -2.3510;
    10    0.089            1000            1483             378               0         -4.2430;
    11    0.097            1000            1624             437               0         -4.8840;
    12    0.106            1000            1742             480               0         -4.8840;
    13    0.115            1000            1850             503               0         -4.8840;
    14    0.124            1000            1930             511               0         -4.8840;
    15    0.133            1000            1957             513               0         -4.8840;
    16    0.142            1000            1931             512               0         -4.8840;
    17    0.151            1000            1859             500               0         -4.8840;
    18    0.159            1000            1757             475               0         -4.8840;
    19    0.168            1000            1626             437               0         -4.8840;
    20    0.177            1000            1458             391               0         -4.8840;
    21    0.186            1000            1249             340               0         -3.0757;
    22    0.195            1000            1013             281               0         -0.8266;
    23    0.204            1000             785             215               0          1.4744;
    24    0.213            1000             591             147               0          3.4976;
    25    0.221            1000             446              82               0          4.8840;
    26    0.230            1000             333              31               0          4.8840;
    27    0.239            1000             224               4               0          4.8840;
    28    0.248            1000             127              -5               0          4.8840;
    29    0.257            1000              71              -6               0          4.8840;
    30    0.266            1000              63              -6               0          4.8840;
    31    0.274            1000             106              -1               0          4.8840;
    32    0.283            1000             186              12               0          4.8840;
    33    0.292            1000             292              37               0          4.8840;
    34    0.301            1000             427              74               0          4.8840;
    35    0.310            1000             599             120               0          4.4628;
    36    0.319            1000             814             173               0          2.4786;
    37    0.328            1000            1046             234               0          0.2241;
    38    0.336            1000            1266             301               0         -1.9951;
    39    0.345            1000            1449             367               0         -3.9170;
    40    0.354            1000            1592             428               0         -4.8840;
    41    0.363            1000            1713             474               0         -4.8840;
    42    0.372            1000            1824             499               0         -4.8840;
    43    0.381            1000            1910             507               0         -4.8840;
    44    0.390            1000            1946             510               0         -4.8840;
    45    0.398            1000            1926             510               0         -4.8840;
    46    0.407            1000            1859             500               0         -4.8840;
    47    0.416            1000            1760             477               0         -4.8840;
    48    0.425            1000            1636             441               0         -4.8840;
    49    0.434            1000            1476             396               0         -4.8840;
    50    0.443            1000            1274             345               0         -3.3022;
    51    0.452            1000            1042             288               0         -1.0934;
    52    0.460            1000             814             224               0          1.1917;
    53    0.469            1000             616             157               0          3.2381;
    54    0.478            1000             468              92               0          4.8175;
    55    0.487            1000             356              39               0          4.8840;
    56    0.496            1000             251               8               0          4.8840;
    57    0.505            1000             153              -1               0          4.8840;
    58    0.514            1000              91              -3               0          4.8840;
    59    0.522            1000              79              -2               0          4.8840;
    60    0.531            1000             122               4               0          4.8840;
    61    0.540            1000             203              16               0          4.8840;
    62    0.549            1000             310              40               0          4.8840;
    63    0.558            1000             445              77               0          4.8840;
    64    0.567            1000             617             124               0          4.3107;
    65    0.576            1000             829             177               0          2.3217;
    66    0.584            1000            1060             238               0          0.0647;
    67    0.593            1000            1277             304               0         -2.1288;
    68    0.602            1000            1457             370               0         -4.0037;
    69    0.611            1000            1595             430               0         -4.8840;
    70    0.620            1000            1712             474               0         -4.8840;
    71    0.629            1000            1820             498               0         -4.8840;
    72    0.638            1000            1903             505               0         -4.8840;
    73    0.646            1000            1936             507               0         -4.8840;
    74    0.655            1000            1912             506               0         -4.8840;
    75    0.664            1000            1841             495               0         -4.8840;
    76    0.673            1000            1740             471               0         -4.8840;
    77    0.682            1000            1612             435               0         -4.8840;
    78    0.691            1000            1449             389               0         -4.8840;
    79    0.699            1000            1244             338               0         -3.0201;
