%  Sample   Time     Commanded Pos   Encoder 1 Pos   Encoder 2 Pos   Encoder 3 Pos   Control Effort

data = [    0    0.000            1000               0               0               0          0.0000;
     1    0.009            1000              22               0               0          4.8840;
     2    0.018            1000              91               2               0          4.8840;
     3    0.027            1000             194              15               0          4.8840;
     4    0.035            1000             316              43               0          4.8840;
     5    0.044            1000             458              86               0          4.1618;
     6    0.053            1000             637             138               0          2.0977;
     7    0.062            1000             840             193               0         -0.0824;
     8    0.071            1000            1032             251               0         -1.9408;
     9    0.080            1000            1191             307               0         -3.2241;
    10    0.089            1000            1310             358               0         -4.0440;
    11    0.097            1000            1404             394               0         -4.7210;
    12    0.106            1000            1489             412               0         -4.8840;
    13    0.115            1000            1547             415               0         -4.8840;
    14    0.124            1000            1560             415               0         -4.8840;
    15    0.133            1000            1521             408               0         -4.8639;
    16    0.142            1000            1442             394               0         -3.7289;
    17    0.151            1000            1342             368               0         -2.5177;
    18    0.159            1000            1230             332               0         -1.3663;
    19    0.168            1000            1108             293               0         -0.0568;
    20    0.177            1000             986             253               0          1.1593;
    21    0.186            1000             881             215               0          2.0690;
    22    0.195            1000             799             182               0          2.6728;
    23    0.204            1000             740             159               0          3.0427;
    24    0.213            1000             704             149               0          3.2210;
    25    0.221            1000             695             149               0          3.1068;
    26    0.230            1000             719             159               0          2.5989;
    27    0.239            1000             778             174               0          1.7424;
    28    0.248            1000             853             194               0          0.8327;
    29    0.257            1000             932             218               0          0.0165;
    30    0.266            1000            1005             244               0         -0.6807;
    31    0.274            1000            1067             270               0         -1.1880;
    32    0.283            1000            1116             292               0         -1.5427;
    33    0.292            1000            1153             308               0         -1.7991;
    34    0.301            1000            1180             315               0         -1.9951;
    35    0.310            1000            1192             316               0         -2.0085;
    36    0.319            1000            1183             312               0         -1.7564;
    37    0.328            1000            1150             304               0         -1.2308;
    38    0.336            1000            1106             292               0         -0.6770;
    39    0.345            1000            1058             278               0         -0.1825;
    40    0.354            1000            1011             261               0          0.2808;
    41    0.363            1000             969             245               0          0.6642;
    42    0.372            1000             935             230               0          0.9341;
    43    0.381            1000             909             219               0          1.1172;
    44    0.390            1000             890             212               0          1.2436;
    45    0.398            1000             879             211               0          1.2814;
    46    0.407            1000             880             212               0          1.2186;
    47    0.416            1000             898             216               0          0.8797;
    48    0.425            1000             925             223               0          0.5110;
    49    0.434            1000             956             232               0          0.1789;
    50    0.443            1000             986             242               0         -0.1166;
    51    0.452            1000            1014             252               0         -0.3596;
    52    0.460            1000            1037             261               0         -0.5665;
    53    0.469            1000            1055             268               0         -0.6917;
    54    0.478            1000            1066             272               0         -0.7546;
    55    0.487            1000            1071             273               0         -0.7436;
    56    0.496            1000            1071             273               0         -0.6978;
    57    0.505            1000            1062             271               0         -0.5305;
    58    0.514            1000            1046             266               0         -0.3327;
    59    0.522            1000            1027             261               0         -0.1123;
    60    0.531            1000            1007             255               0          0.0971;
    61    0.540            1000             988             249               0          0.2662;
    62    0.549            1000             972             244               0          0.4048;
    63    0.558            1000             960             240               0          0.4957;
    64    0.567            1000             953             237               0          0.5244;
    65    0.576            1000             950             236               0          0.5122;
    66    0.584            1000             950             236               0          0.4933;
    67    0.593            1000             957             237               0          0.3687;
    68    0.602            1000             968             240               0          0.2350;
    69    0.611            1000             980             244               0          0.0910;
    70    0.620            1000             993             248               0         -0.0440;
    71    0.629            1000            1005             252               0         -0.1600;
    72    0.638            1000            1016             255               0         -0.2473;
    73    0.646            1000            1024             257               0         -0.2967;
    74    0.655            1000            1028             258               0         -0.3101;
    75    0.664            1000            1029             259               0         -0.3028;
    76    0.673            1000            1029             259               0         -0.2875;
    77    0.682            1000            1024             258               0         -0.2039;
    78    0.691            1000            1016             256               0         -0.1087;
    79    0.699            1000            1008             254               0         -0.0183;
