

% Sample   Time     Commanded Pos   Encoder 1 Pos   Encoder 2 Pos   Encoder 3 Pos 
data = [    0    0.000            4000              31               9               0;
     1    0.009            4000              59               9               0;
     2    0.018            4000             130              13               0;
     3    0.027            4000             230              27               0;
     4    0.035            4000             347              56               0;
     5    0.044            4000             487              98               0;
     6    0.053            4000             668             147               0;
     7    0.062            4000             897             201               0;
     8    0.071            4000            1162             263               0;
     9    0.080            4000            1445             336               0;
    10    0.089            4000            1738             417               0;
    11    0.097            4000            2040             501               0;
    12    0.106            4000            2350             585               0;
    13    0.115            4000            2659             668               0;
    14    0.124            4000            2959             749               0;
    15    0.133            4000            3247             828               0;
    16    0.142            4000            3517             901               0;
    17    0.151            4000            3768             968               0;
    18    0.159            4000            3996            1028               0;
    19    0.168            4000            4202            1080               0;
    20    0.177            4000            4383            1124               0;
    21    0.186            4000            4534            1161               0;
    22    0.195            4000            4654            1192               0;
    23    0.204            4000            4744            1216               0;
    24    0.213            4000            4807            1232               0;
    25    0.221            4000            4846            1241               0;
    26    0.230            4000            4860            1244               0;
    27    0.239            4000            4855            1241               0;
    28    0.248            4000            4829            1233               0;
    29    0.257            4000            4787            1220               0;
    30    0.266            4000            4731            1204               0;
    31    0.274            4000            4665            1186               0;
    32    0.283            4000            4592            1166               0;
    33    0.292            4000            4516            1145               0;
    34    0.301            4000            4437            1123               0;
    35    0.310            4000            4359            1101               0;
    36    0.319            4000            4281            1079               0;
    37    0.328            4000            4205            1057               0;
    38    0.336            4000            4133            1037               0;
    39    0.345            4000            4064            1018               0;
    40    0.354            4000            4001            1001               0;
    41    0.363            4000            3943             985               0;
    42    0.372            4000            3893             972               0;
    43    0.381            4000            3850             960               0;
    44    0.390            4000            3813             951               0;
    45    0.398            4000            3785             944               0;
    46    0.407            4000            3764             938               0;
    47    0.416            4000            3750             935               0;
    48    0.425            4000            3742             933               0;
    49    0.434            4000            3741             933               0;
    50    0.443            4000            3743             933               0;
    51    0.452            4000            3752             935               0;
    52    0.460            4000            3764             939               0;
    53    0.469            4000            3780             943               0;
    54    0.478            4000            3798             948               0;
    55    0.487            4000            3817             953               0;
    56    0.496            4000            3837             959               0;
    57    0.505            4000            3858             964               0;
    58    0.514            4000            3878             970               0;
    59    0.522            4000            3898             975               0;
    60    0.531            4000            3916             980               0;
    61    0.540            4000            3934             984               0;
    62    0.549            4000            3950             989               0;
    63    0.558            4000            3964             992               0;
    64    0.567            4000            3977             996               0;
    65    0.576            4000            3988             999               0;
    66    0.584            4000            3997            1001               0;
    67    0.593            4000            4004            1003               0;
    68    0.602            4000            4010            1004               0;
    69    0.611            4000            4014            1005               0;
    70    0.620            4000            4017            1006               0;
    71    0.629            4000            4018            1007               0;
    72    0.638            4000            4018            1007               0;
    73    0.646            4000            4016            1007               0;
    74    0.655            4000            4013            1007               0;
    75    0.664            4000            4009            1005               0;
    76    0.673            4000            4004            1004               0;
    77    0.682            4000            3999            1002               0;
    78    0.691            4000            3993            1001               0;
    79    0.699            4000            3987             999               0;
    80    0.708            4000            3981             998               0;
    81    0.717            4000            3975             996               0;
    82    0.726            4000            3970             995               0;
    83    0.735            4000            3965             994               0;
    84    0.744            4000            3961             993               0;
    85    0.753            4000            3957             992               0;
    86    0.761            4000            3954             991               0;
    87    0.770            4000            3952             990               0;
    88    0.779            4000            3950             990               0;
    89    0.788            4000            3948             989               0;
    90    0.797            4000            3948             989               0;
    91    0.806            4000            3948             989               0;
    92    0.815            4000            3948             989               0;
    93    0.823            4000            3948             989               0;
    94    0.832            4000            3948             989               0;
    95    0.841            4000            3949             989               0;
