%  Sample   Time     Commanded Pos   Encoder 1 Pos   Encoder 2 Pos   Encoder 3 Pos 

data =[    0    0.000            4000               0               0               0;
     1    0.009            4000              28               0               0;
     2    0.018            4000             107               2               0;
     3    0.027            4000             215              15               0;
     4    0.035            4000             339              44               0;
     5    0.044            4000             483              87               0;
     6    0.053            4000             666             138               0;
     7    0.062            4000             898             194               0;
     8    0.071            4000            1170             258               0;
     9    0.080            4000            1471             332               0;
    10    0.089            4000            1797             417               0;
    11    0.097            4000            2158             509               0;
    12    0.106            4000            2558             609               0;
    13    0.115            4000            2991             716               0;
    14    0.124            4000            3456             831               0;
    15    0.133            4000            3940             954               0;
    16    0.142            4000            4389            1084               0;
    17    0.151            4000            4776            1214               0;
    18    0.159            4000            5116            1333               0;
    19    0.168            4000            5447            1428               0;
    20    0.177            4000            5783            1496               0;
    21    0.186            4000            6088            1550               0;
    22    0.195            4000            6333            1599               0;
    23    0.204            4000            6510            1646               0;
    24    0.213            4000            6629            1689               0;
    25    0.221            4000            6710            1720               0;
    26    0.230            4000            6768            1734               0;
    27    0.239            4000            6802            1735               0;
    28    0.248            4000            6802            1727               0;
    29    0.257            4000            6756            1715               0;
    30    0.266            4000            6668            1698               0;
    31    0.274            4000            6541            1672               0;
    32    0.283            4000            6381            1634               0;
    33    0.292            4000            6189            1583               0;
    34    0.301            4000            5958            1522               0;
    35    0.310            4000            5685            1452               0;
    36    0.319            4000            5373            1375               0;
    37    0.328            4000            5025            1290               0;
    38    0.336            4000            4640            1196               0;
    39    0.345            4000            4227            1091               0;
    40    0.354            4000            3822             978               0;
    41    0.363            4000            3469             862               0;
    42    0.372            4000            3171             751               0;
    43    0.381            4000            2889             658               0;
    44    0.390            4000            2597             592               0;
    45    0.398            4000            2320             544               0;
    46    0.407            4000            2094             502               0;
    47    0.416            4000            1931             462               0;
    48    0.425            4000            1827             426               0;
    49    0.434            4000            1764             400               0;
    50    0.443            4000            1726             388               0;
    51    0.452            4000            1712             390               0;
    52    0.460            4000            1740             401               0;
    53    0.469            4000            1815             419               0;
    54    0.478            4000            1932             444               0;
    55    0.487            4000            2082             481               0;
    56    0.496            4000            2265             529               0;
    57    0.505            4000            2485             587               0;
    58    0.514            4000            2743             652               0;
    59    0.522            4000            3036             725               0;
    60    0.531            4000            3362             805               0;
    61    0.540            4000            3719             895               0;
    62    0.549            4000            4074             992               0;
    63    0.558            4000            4393            1093               0;
    64    0.567            4000            4655            1192               0;
    65    0.576            4000            4881            1277               0;
    66    0.584            4000            5100            1337               0;
    67    0.593            4000            5309            1373               0;
    68    0.602            4000            5482            1397               0;
    69    0.611            4000            5601            1417               0;
    70    0.620            4000            5665            1436               0;
    71    0.629            4000            5680            1449               0;
    72    0.638            4000            5660            1453               0;
    73    0.646            4000            5614            1444               0;
    74    0.655            4000            5542            1419               0;
    75    0.664            4000            5433            1387               0;
    76    0.673            4000            5281            1351               0;
    77    0.682            4000            5084            1307               0;
    78    0.691            4000            4850            1252               0;
    79    0.699            4000            4586            1184               0;
    80    0.708            4000            4291            1105               0;
    81    0.717            4000            3986            1019               0;
    82    0.726            4000            3703             932               0;
    83    0.735            4000            3474             845               0;
    84    0.744            4000            3284             770               0;
    85    0.753            4000            3100             716               0;
    86    0.761            4000            2920             685               0;
    87    0.770            4000            2770             666               0;
    88    0.779            4000            2671             648               0;
    89    0.788            4000            2626             633               0;
    90    0.797            4000            2625             624               0;
    91    0.806            4000            2658             622               0;
    92    0.815            4000            2711             637               0;
    93    0.823            4000            2791             664               0;
    94    0.832            4000            2909             696               0;
    95    0.841            4000            3068             734               0;
